step interval=60 number of tls=32
0,0,0,0,0,0,0,0,0,0,0,0,0,0,0,0,0,0,0,0,0,0,0,0,0,0,0,0,0,0,0,0
0,0,1,1,0,0,1,0,0,1,1,0,1,1,1,1,1,1,1,1,1,1,1,1,1,1,1,0,1,1,1,1
0,1,0,0,1,1,0,1,1,0,0,0,0,0,1,1,0,0,0,0,0,0,0,0,0,0,0,1,0,0,0,0
1,0,0,0,0,0,1,0,0,1,1,1,0,1,1,0,1,1,1,1,0,1,1,1,1,1,1,0,1,1,1,1
0,1,1,0,0,0,0,1,1,0,0,0,1,0,1,1,0,0,0,0,1,1,0,0,0,1,1,1,0,1,0,0
0,0,0,1,0,1,1,0,0,1,1,0,0,1,0,0,1,1,0,1,0,0,1,1,0,0,0,0,1,0,1,1
0,1,1,0,0,0,0,0,1,0,0,1,0,0,0,0,1,0,1,1,1,1,0,1,1,0,0,1,0,1,0,1
0,0,1,1,0,0,0,0,0,0,1,1,1,1,0,0,0,1,0,0,1,1,0,1,1,1,0,0,0,0,0,0
1,0,1,1,0,0,0,0,1,0,1,1,1,0,1,0,1,0,1,0,1,1,0,1,1,1,0,0,1,1,0,0
0,0,1,1,0,1,0,0,0,0,1,1,0,0,1,1,0,1,1,0,1,1,0,1,1,0,0,1,1,0,0,0
0,0,1,1,0,0,0,0,1,0,1,1,1,0,1,1,0,1,1,0,1,1,0,1,1,1,0,1,1,0,0,0
0,0,1,1,0,1,0,0,1,0,1,1,1,0,1,1,1,1,1,0,1,1,0,1,1,0,0,1,0,1,0,0
0,0,1,1,0,1,0,0,1,0,1,1,1,0,0,1,0,1,1,0,1,1,0,1,1,1,0,1,1,1,0,0
0,0,1,1,0,1,0,1,1,1,1,1,1,0,1,1,0,1,1,0,1,1,0,1,1,0,0,1,1,1,0,0
0,0,1,1,0,1,0,0,1,1,1,1,1,1,1,1,0,1,1,0,1,1,0,1,1,0,0,1,1,1,0,0
0,0,1,1,0,1,0,0,1,1,1,1,1,0,1,1,0,1,1,0,1,1,0,1,1,0,0,1,1,1,0,0
0,0,1,1,0,1,0,0,1,1,1,1,1,0,1,1,0,1,1,0,1,1,0,1,1,0,0,1,1,1,0,0
0,0,1,1,0,1,0,0,1,1,1,1,1,0,1,1,0,1,1,0,1,1,0,1,1,0,0,1,1,1,0,0
0,1,1,1,0,1,0,0,1,1,1,1,1,0,1,1,0,1,1,0,1,1,0,1,1,0,0,1,1,1,0,0
0,1,1,1,0,1,0,0,1,1,0,1,1,0,1,1,0,1,1,0,1,1,0,1,1,0,0,1,1,1,0,0
0,1,1,1,0,1,0,0,1,1,1,1,1,0,1,1,0,1,1,0,1,1,0,1,1,0,0,1,1,1,0,0
0,1,1,1,0,1,0,0,1,1,1,1,1,0,1,1,0,1,1,0,1,1,0,1,1,0,0,1,1,1,0,0
0,1,1,1,0,1,0,0,1,1,1,1,1,0,1,1,0,1,1,0,1,1,0,1,1,0,0,1,1,1,0,0
1,1,1,1,0,1,0,0,1,1,1,1,1,0,1,1,0,1,1,0,1,1,0,1,1,0,0,1,1,1,0,0
1,1,1,1,0,1,0,0,1,1,1,1,1,0,1,1,0,1,1,0,1,1,0,1,1,0,0,1,1,1,0,0
1,1,1,1,0,1,0,0,1,1,1,1,1,0,1,1,0,1,1,0,1,1,0,1,1,0,0,1,1,1,0,0
1,1,1,1,0,1,0,0,1,1,1,1,1,0,1,1,0,1,1,0,1,1,0,1,1,0,0,1,1,1,0,0
1,1,1,1,0,1,0,0,1,1,1,1,1,0,1,1,0,1,1,0,1,1,0,1,1,0,0,1,1,1,0,0
1,1,1,1,0,1,0,0,1,1,1,1,1,0,1,1,0,1,1,0,1,1,0,1,1,0,0,1,1,1,0,0
1,1,1,1,0,1,0,0,1,1,1,1,1,0,0,1,0,1,1,0,1,1,0,1,1,0,0,1,1,1,0,0
1,1,1,1,0,1,0,1,1,1,1,1,1,0,1,1,0,1,1,0,1,1,0,1,1,0,0,1,1,1,0,0
1,1,1,1,0,1,0,1,1,1,1,1,1,0,1,1,0,1,1,0,1,1,0,1,1,0,0,1,1,1,0,0
1,1,1,1,0,1,0,0,1,1,1,1,1,1,1,1,0,1,1,0,1,1,0,1,1,0,0,1,1,1,0,0
1,1,1,1,0,1,0,1,1,1,1,1,1,1,1,1,0,1,1,0,1,1,0,1,1,0,0,1,1,1,0,0
1,1,1,1,0,1,0,1,1,1,1,1,1,1,1,1,0,1,1,0,1,1,0,1,1,0,0,1,1,1,0,0
1,1,1,1,0,1,0,1,1,1,0,1,1,1,1,1,0,1,1,0,1,1,0,1,1,0,0,1,1,1,0,0
1,0,1,1,0,1,0,0,1,1,1,1,1,1,1,1,0,1,1,0,1,1,0,1,1,0,0,1,1,1,0,0
1,0,1,1,0,1,0,0,0,1,1,1,1,1,1,1,0,1,1,0,1,1,0,1,1,0,0,1,1,1,0,0
1,0,1,1,0,1,0,0,0,1,1,1,1,1,1,1,0,1,1,0,1,1,0,1,1,0,0,1,1,1,0,0
1,0,1,1,0,1,0,0,0,1,1,1,1,1,1,0,0,1,1,0,1,1,0,1,1,0,0,1,1,1,0,0
1,0,1,1,0,1,0,0,0,1,1,1,1,1,1,0,0,1,1,0,1,1,0,1,1,0,0,1,1,1,0,0
1,0,1,1,0,1,0,0,0,1,1,1,1,1,1,0,0,1,1,0,1,1,0,1,1,0,0,1,1,1,0,0
1,0,1,1,0,1,0,0,0,1,1,1,1,1,1,0,0,1,1,0,1,1,0,1,1,0,0,1,1,1,0,0
1,0,1,1,0,1,0,0,0,1,1,1,1,1,1,0,0,1,1,0,1,1,0,1,1,0,0,1,1,1,0,0
0,0,1,1,0,1,0,0,0,1,1,1,1,1,1,0,0,1,1,0,1,1,0,1,1,0,0,1,1,1,0,0
1,0,1,1,0,1,0,0,0,1,1,1,1,1,1,0,0,1,1,0,1,1,0,1,1,0,0,1,1,1,0,0
1,0,1,1,0,1,0,0,0,1,0,1,1,1,0,0,0,1,1,0,1,1,0,1,1,0,0,1,1,1,0,0
1,0,1,1,0,1,0,0,0,1,0,1,1,1,0,0,0,1,1,0,1,1,0,1,1,0,0,1,1,1,0,0
1,0,1,1,0,1,0,0,0,1,0,1,1,1,0,0,0,1,1,0,1,1,0,1,1,0,0,1,1,1,0,0
1,0,1,1,0,1,0,0,0,1,0,1,1,1,0,0,0,1,1,0,1,1,0,1,1,0,0,1,1,1,0,0
1,0,1,1,0,1,0,0,0,1,0,1,1,1,0,0,0,1,1,0,1,1,0,1,1,0,0,1,1,1,0,0
1,0,1,1,0,1,0,0,0,1,0,1,1,1,0,0,0,1,1,0,1,1,0,1,1,0,0,1,1,1,0,0
1,0,1,1,0,1,0,0,0,1,0,1,1,1,0,0,0,1,1,0,1,1,0,1,1,0,0,1,1,1,0,0
1,0,1,1,0,1,0,0,0,1,0,1,1,1,0,0,0,1,1,0,1,1,0,1,1,0,0,1,1,1,0,0
1,0,1,1,0,1,0,0,0,1,0,1,1,1,0,0,0,1,1,0,1,1,0,1,1,0,0,1,1,1,0,0
1,0,1,1,0,1,0,0,0,1,0,1,1,1,0,0,0,1,1,0,1,1,0,1,1,0,0,1,1,1,0,0
1,0,1,1,0,1,0,0,0,1,0,1,1,1,0,0,0,1,1,0,1,1,0,1,1,0,0,1,1,1,0,0
1,0,1,1,0,1,0,0,0,1,0,1,1,1,0,0,0,1,1,0,1,1,0,1,1,0,0,1,1,1,0,0
1,0,1,1,0,1,0,0,0,1,0,1,1,1,0,0,0,1,1,0,1,1,0,1,1,0,0,1,1,1,0,0
1,0,1,1,0,1,0,0,0,1,0,1,1,1,0,0,0,1,1,0,1,1,0,1,1,0,0,1,1,1,0,0
